16 18 10
1 7 12
5 10 6
0 -4 16
10 -16 7
13 -8 3
3 -14 15
18 -11 15
1 -14 19
1 18 4
4 -10 10
14 8 14
11 -6 15
7 -20 7
10 11 15
13 -11 9
19 18 14
18 17 2
17 2 5
11 -3 3
18 -19 13
18 -8 13
14 -1 19
4 -12 6
1 16 3
15 -16 17
1 -6 9
4 12 17
17 0 10
1 -2 2
0 16 11
11 16 5
7 -3 5
4 2 14
6 -19 19
4 -5 8
19 4 17
10 -7 15
12 -8 18
1 -7 15
6 6 8
18 17 5
4 3 7
5 6 5
16 -10 11
13 17 18
9 19 13
10 14 2
13 -12 3
12 -2 4
6 -7 1
5 -8 17
9 13 16
5 -16 17
1 18 9
15 -3 4
18 -16 16
11 2 14
0 0 2
15 -20 12
19 -19 18
4 4 12
4 18 11
5 12 13
12 -11 2
5 -13 9
5 -8 11
13 1 17
0 -12 13
12 -8 14
11 5 11
8 -20 18
18 10 2
9 4 7
8 9 14
4 5 17
19 -2 2
16 -12 5
7 -15 19
16 -17 9
11 13 13
1 11 19
9 -7 11
7 -18 14
1 5 1
0 15 12
14 -7 16
6 -15 7
17 13 15
1 0 15
0 -9 5
0 -9 13
3 16 15
6 -8 14
2 -15 11
19 1 8
6 -9 10
4 -2 14
3 11 5
16 9 10
15 -17 13
12 18 5
10 -8 8
2 2 5
6 -3 12
4 15 6
8 5 2
5 5 7
19 2 4
9 9 17
1 -4 18
0 18 2
16 -19 9
14 13 4
13 -13 4
7 -18 12
0 -1 16
18 -6 11
8 -17 7
8 4 9
9 -4 1
3 14 11
14 18 1
4 1 18
4 7 11
19 -20 4
0 -17 6
18 0 4
13 10 11
8 -15 3
7 7 6
17 -3 17
2 5 4
11 -9 11
7 -6 1
14 3 4
11 8 11
11 11 8
3 -6 15
18 -16 4
3 4 12
10 9 19
6 -8 14
13 3 11
10 1 2
0 -1 12
5 -16 15
3 -12 8
4 -17 13
0 -19 14
17 4 7
13 -18 19
12 17 8
13 16 8
11 6 11
10 9 12
11 1 1
12 0 14
8 -15 16
12 8 7
9 2 10
17 -19 6
1 2 7
4 -13 1
2 19 16
7 -18 10
4 7 9
11 -8 13
13 17 7
8 14 12
1 -20 15
2 -6 12
8 6 15
12 2 12
18 16 5
3 16 18
17 -18 17
15 16 14
10 -11 6
5 -19 19
18 8 5
7 18 4
17 -19 3
1 19 3
6 5 7
12 6 4
11 10 15
11 13 6
9 -18 9
8 2 16
16 7 8
17 -13 14
15 -17 6
14 14 19
4 -9 13
13 -18 5
1 -2 11
17 -6 3
18 -4 11
1 5 2
1 16 17
15 6 3
12 1 1
8 1 1
5 -18 5
11 8 16
14 2 4
13 -15 8
9 -14 4
8 17 4
2 -18 13
18 1 13
7 -7 16
8 1 12
17 17 10
7 -13 1
8 -2 11
3 -11 6
5 -4 15
18 -3 6
13 -4 18
19 -13 13
18 -7 9
7 8 13
12 14 15
3 3 13
8 17 5
6 0 13
6 2 9
1 3 14
13 -12 6
9 -6 12
13 -18 14
8 8 7
14 9 14
2 17 6
13 17 4
5 -10 13
5 -16 11
14 -5 11
2 16 5
12 -14 18
15 -11 15
17 7 2
16 15 5
12 12 19
9 -7 3
5 2 6
17 -4 5
19 -14 3
5 1 9
15 4 8
9 -1 17
0 8 16
13 -16 5
9 -19 6
2 19 14
17 11 15
8 16 14
0 -19 1
11 -13 17
4 -11 9
2 14 13
3 -8 5
17 4 18
18 -20 1
3 2 13
3 13 9
14 18 1
1 1 4
16 -19 6
10 -12 10
0 -6 5
12 15 9
5 -12 18
4 4 6
1 -9 5
7 19 10
12 -9 16
11 2 17
13 -11 2
13 -15 6
18 11 16
2 18 17
2 13 4
11 4 16
5 -6 8
2 19 12
6 -9 7
7 -16 5
2 -6 15
14 12 17
11 3 11
16 -12 19
15 -2 3
9 -11 11
1 -14 3
6 -9 10
16 -15 18
1 7 9
15 -7 2
19 7 6
8 -3 5
4 -9 14
15 12 8
15 0 5
4 -12 2
18 -6 10
14 -15 1
9 5 1
7 3 7
4 -14 1
8 -8 7
19 12 10
18 10 9
0 -16 5
0 -8 5
19 4 13
6 11 11
13 -14 7
14 1 9
11 9 6
5 15 9
9 3 6
12 -15 11
0 5 5
4 -6 4
9 -1 1
17 -12 5
16 6 12
14 4 1
16 -18 5
14 5 3
15 -4 4
11 18 8
0 19 5
10 7 19
17 -11 12
16 -20 9
18 -20 8
12 12 7
4 -20 3
13 5 4
13 -14 18
10 -3 1
8 -12 17
0 7 12
1 -17 19
18 -10 17
4 -16 16
14 -18 13
7 14 10
0 -18 18
3 17 1
8 -3 1
1 -19 9
18 13 4
10 12 3
0 -5 3
12 -6 17
13 -17 10
11 2 6
19 -4 8
9 15 11
8 5 16
11 -6 15
0 19 5
6 -7 2
11 -16 18
8 16 8
9 -6 6
13 -5 17
4 -4 3
6 -5 10
13 -11 11
4 9 2
5 3 18
15 18 14
14 17 17
14 -8 3
16 0 4
12 -6 14
13 16 9
6 11 19
6 -13 11
19 -16 9
11 -5 17
10 5 11
0 16 3
0 19 2
17 -6 10
6 7 1
4 2 15
2 -12 10
19 -11 6
15 19 16
1 -10 8
0 19 14
3 0 13
2 -16 16
10 19 14
2 -17 1
6 -14 16
18 -19 12
16 -14 15
0 -15 11
11 13 4
19 -20 9
13 19 1
18 7 15
16 2 8
10 -12 15
11 -13 17
11 15 3
9 -6 4
0 9 5
11 -12 5
4 16 14
18 -5 12
18 9 10
12 0 18
12 19 1
3 8 9
10 -18 4
16 -3 16
16 -5 1
0 -15 10
18 8 12
8 7 8
2 -9 7
12 14 9
1 -9 15
6 -13 13
4 -3 17
14 -13 15
17 -6 8
13 -6 5
10 -12 11
8 -12 10
5 19 16
14 8 6
13 0 14
19 2 11
19 10 12
6 -17 8
2 1 14
10 16 7
11 -9 9
19 -16 8
13 18 19
0 -17 3
7 -17 3
6 -3 3
13 -19 13
6 3 14
11 1 9
8 -19 16
6 -2 15
15 -8 14
4 -8 11
1 -3 4
16 -4 17
13 11 2
16 5 12
19 -6 14
7 -7 19
7 14 18
0 -18 10
16 -6 5
3 -20 3
8 -6 16
9 6 7
1 11 9
17 5 11
1 -12 1
10 1 16
14 -14 16
7 -4 6
18 14 13
16 3 19
13 -1 10
4 -6 9
8 -5 18
3 -7 18
17 -16 2
19 -15 2
12 -2 19
17 13 6
10 -1 3
9 14 15
4 2 19
0 -8 5
4 18 14
2 -9 18
0 -5 19
3 -16 1
0 -13 10
11 -10 2
16 1 9
19 9 18
